2
Bộ thăng cho người già
42,4,97,291

22, 127, 63, 103
---
3
Bộ thăng khí (TM)
4,140,76,143,518,203,202,197,291,302,303,337,338
Bấm các huyệt  theo thứ  tự từ dưới  lên trên, để  trị các chứng  bệnh cảm lạnh, rét run, mệt mỏi, viêm xoang, viêm mũi, v.v…
127, 50, 19, 37, 1, 73, 189, 103, 300, 0
---
4
Bộ giáng (TM)
292,293,487,256,255,239,145,146,149,150,75,136,484,483,64,63,68,67,11,10,19
Bấm các huyệt theo thứ tự từ trên xuống dưới để trị các chứng bệnh sốt cao, co giật, hơi thở rất nóng. Có thể kết hợp với chườm đá lạnh để hạ cơn sốt.
124, 106, 34, 26, 61, 3, 143, 39, 14, 222, 85, 156, 87
---
5
Bộ bổ trung (TM)
4,140,76,143,518,89,88,337,338

127, 50, 19, 37, 1, 7, 0
---
6
Bộ thiếu dương (TM)
498,499,227,228,139,9,162,161,211,210,256,255,11,10

324, 24, 41, 235, 290, 184, 34, 156
---
7
Bộ âm huyết (TM)
42,5,6,4,407,408,85,84,97,140,76,136,143,518,162,161,337,338
Dùng cho những người suy nhược cơ thểởmọi lứa tuổi. Nếu thấy ăn kém, xanh xao, gầy ốm hoặc muốn lên cân thì dùng bộ này. Ngoài ra bộ này còn dùng để chữa ung thư máu.
22, 347, 127, 63M, 17, 63, 50, 19, 39, 37, 1, 290, 0
---
8
Bổ nguyên khí, tăng lực (BQC)
42,4,76,518,158,157,291,203,202,345,346,337,338

22, 127, 19, 1, 45, 103, 73, 62, 0
---
9
Bộ điều hòa A (TM)
256,255,162,161,11,10,136,76,140,149,150,128,127

34, 290, 156, 39, 19, 50, 3, 36
---
10
Bộ điều hòa B (TM)
487,518,4,136,76,140,149,150,128,127

106, 1, 127, 39, 19, 50, 3, 36
---
11
Bộ điều hòa C (TM)
518,136,76,140,335,336

1, 39, 19, 50, 57
---
12
Bộ trừ đàm thấp thủy – lọc thấp (TM)
489,488,241,240,223,222,211,210,162,161,89,88,6,5

107, 240, 12, 184, 290, 7, 347
---
13
Bộ trừ đàm thấp thủy – trừ thấp (TM)
41,19,486,485,9,4,6,5,1,68,67,66,65,81,89,88,97,106,105,102,101,76,136,518,162,161,241,240,239,291

521, 87, 22B, 235, 127, 347, 236, 85, 29, 53, 7, 63, 64, 287, 19, 39, 1, 290, 240, 26, 103
---
14
Hạ huyết áp cao
239,75,333,334,145,146,335,336,472,471,474,473,480,479,68,67,19,25,24,139

26, 143, 16, 61, 57, 54, 55, 15, 85, 87, 51, 41
---
15
Tăng huyết áp thấp
140,76,518,97,81,291,311,302,303,143,171,72,71,337,338

50, 19, 1, 63, 53, 103, 126, 300, 37, 23, 6, 0
---
16
Bộ tiêu bướu, khối u
139,4,76,75

41, 127, 19, 143
---
17
Bộ tiêu viêm
145,146,143,83,82

61, 37, 38
---
18
Bộ tiêu độc
239,178,177,85,84,149,150,140,363,364,66,65,52,51,409,410,341,342,68,67,9,19

26, 5, 17, 3, 50, 60, 29, 104, 10, 59, 85, 235, 87
---
19
Bộ tan máu bầm
10,82,88,140,150,146,334,239

156, 38, 7, 50, 3, 61, 16, 26
---
20
Bộ kháng sinh nội
311,487,291,4,83,82,143

126, 106, 103, 127, 38, 37
---
21
Trị các loại u bướu
139,75,4,76,143,83,82,68,67,19
Dùng để trị các khối u, các loại bướu (bướu lành, bướu ác hay còn gọi là ung thư ) ở bộ phận nào trong cơ thể.
41, 143, 127, 19, 37, 38, 85, 87
---
22
Bộ tiêu viêm (TM)
487,239,143,140,145,146,83,82,11,10

106, 26, 37, 50, 61, 38, 156
---
23
Bộ tiêu viêm giải độc (TM)
487,239,145,146,149,150,143,140,139,138,83,82,51,52,11,10,9,19,172

106, 26, 61, 3, 37, 50, 41, 437, 38, 104, 156, 235, 87, 173
---
24
Bộ tiêu viêm khử ứ (TM)
11,10,83,82,89,88,140,143,149,150,145,146,162,161,333,334,239

156, 38, 7, 50, 37, 3, 61, 290, 16, 26
---
25
Mất ngủ
292,293,256,255,246,247,510,511,25,24,239

124, 34, 267, 217, 51, 26
---
26
Suy nhược thần kinh
292,293,256,255,333,334,484,483,337,338

124, 34, 16, 14, 0
---
27
Ổn định thần kinh
256,255,292,293,291,487

34, 124, 103, 106
---
28
Chóng mặt
97,76,4,337,338

63, 19, 127, 0
---
29
Rối loạn tiền đình
292,293,256,255,243,242,197,149

124, 34, 65, 189, 3
---
30
Tăng oxi cho não (PXQ)
243,242,253,252,480,479

65, 477, 15
---
31
Tức ngực, khó thở
203,202,149,150,417,418,145,146,335,336,151,152,197

73, 3, 28, 61, 57, 269, 189
---
32
Tiêu đờm, long đờm
122,121,413,414,149,150,192,191,194,193,239,143

132, 275, 3, 467, 491, 26, 37
---
33
Tiêu mỡ
117,139,140,143,83,82,68,67,106,105,111,112,87,86,89,88,347,348

233, 41, 50, 37, 38, 85, 64, 74, 113, 7, 9
---
34
Sổ mũi
102,101,145,146,211,210,333,334

287, 61, 184, 16
---
35
Cầm máu
333,145

16, 61
---
36
Cầm mồ hôi, tiết dịch
226,341,342,364,150

8, 59, 60, 3
---
37
Cầm tiểu
333,334,337,338,143,19,291,518,302,303,311

16, 0, 37, 87, 103, 1, 300, 126
---
38
Lợi tiểu
239,149,150,66,65,64,63,68,67,19,144,143,162,161,9

26, 3, 29, 222, 85, 87, 40, 37, 290, 235
---
39
Mề đay
292,293,256,255,363,364,239,145,146,158,157,68,67,186,185,140,186,185,140,149,150,139,83,82,85,84,19,25,24

124, 34, 60, 26, 61, 45, 85, 13, 50, 3, 41, 38, 17, 87, 51
---
40
Tăng tiết dịch - A (TDT)
239,149,150,66,65,68,67,19

26, 3, 29, 85, 87
---
41
Tăng tiết dịch - B
239,149,150,66,65,76,136,68,67,484,483,413,414,19,81,145,146

26, 3, 29, 19, 39, 85, 14, 275, 87, 53, 61
---
42
Tê gót chân
4,8,7,74,73

127, 286, 461
---
43
Ngất xỉu, trúng gió
76,4,363,364,337,338

19, 127, 60, 0
---
44
Lọc máu
117,139,140,158,157,19,9

233, 41, 50, 45, 87, 235
---
45
Lưu thông máu
363,364,143,149,150,140,225,224

60, 37, 3, 50, 20
---
46
Hạ sốt
184,183,136,429,430,75

21, 39, 100, 143
---
47
Bộ giảm đau
139,518,145,146,333,334,337,338

41, 1, 61, 16, 0
---
48
Trị đau nhức cơ bắp
85,84,89,88,76,83,82,66,65,64,63,11,10,145,146,143,226,197,277,278

17, 7, 19, 38, 29, 222, 156, 61, 37, 8, 189, 405
---
49
dsf dsfsdf s
518,42
sd fsdfsdf  dsf sdf sdf sdfsd
1, 22
---
